run_id,pr_number,energy_j,change_cov,suite_size
13860856478,4481,93000000005117.66,1.0,135
